x <- c(1,2,3,4,5)
y <- c(6,7,8,9,1)
z <- x+y
